   x       y(x)            y(x)^2        classical p(x)      V
-10.000 -0.12351625E+22  0.15256265E+43  0.00000000E+00   50.000000
 -9.900 -0.45799553E+21  0.20975991E+42  0.00000000E+00   49.005000
 -9.800 -0.17155687E+21  0.29431758E+41  0.00000000E+00   48.020000
 -9.700 -0.64917754E+20  0.42143148E+40  0.00000000E+00   47.045000
 -9.600 -0.24815684E+20  0.61581819E+39  0.00000000E+00   46.080000
 -9.500 -0.95828642E+19  0.91831287E+38  0.00000000E+00   45.125000
 -9.400 -0.37382618E+19  0.13974601E+38  0.00000000E+00   44.180000
 -9.300 -0.14731550E+19  0.21701855E+37  0.00000000E+00   43.245000
 -9.200 -0.58644950E+18  0.34392301E+36  0.00000000E+00   42.320000
 -9.100 -0.23583890E+18  0.55619987E+35  0.00000000E+00   41.405000
 -9.000 -0.95808081E+17  0.91791884E+34  0.00000000E+00   40.500000
 -8.900 -0.39317874E+17  0.15458952E+34  0.00000000E+00   39.605000
 -8.800 -0.16299657E+17  0.26567881E+33  0.00000000E+00   38.720000
 -8.700 -0.68260092E+16  0.46594401E+32  0.00000000E+00   37.845000
 -8.600 -0.28877178E+16  0.83389141E+31  0.00000000E+00   36.980000
 -8.500 -0.12340753E+16  0.15229418E+31  0.00000000E+00   36.125000
 -8.400 -0.53275461E+15  0.28382748E+30  0.00000000E+00   35.280000
 -8.300 -0.23233312E+15  0.53978676E+29  0.00000000E+00   34.445000
 -8.200 -0.10235124E+15  0.10475776E+29  0.00000000E+00   33.620000
 -8.100 -0.45548386E+14  0.20746554E+28  0.00000000E+00   32.805000
 -8.000 -0.20476262E+14  0.41927729E+27  0.00000000E+00   32.000000
 -7.900 -0.92987826E+13  0.86467357E+26  0.00000000E+00   31.205000
 -7.800 -0.42657881E+13  0.18196948E+26  0.00000000E+00   30.420000
 -7.700 -0.19768346E+13  0.39078750E+25  0.00000000E+00   29.645000
 -7.600 -0.92542110E+12  0.85640421E+24  0.00000000E+00   28.880000
 -7.500 -0.43762964E+12  0.19151970E+24  0.00000000E+00   28.125000
 -7.400 -0.20906081E+12  0.43706421E+23  0.00000000E+00   27.380000
 -7.300 -0.10088753E+12  0.10178293E+23  0.00000000E+00   26.645000
 -7.200 -0.49181498E+11  0.24188197E+22  0.00000000E+00   25.920000
 -7.100 -0.24219546E+11  0.58658642E+21  0.00000000E+00   25.205000
 -7.000 -0.12048441E+11  0.14516493E+21  0.00000000E+00   24.500000
 -6.900 -0.60547614E+10  0.36660136E+20  0.00000000E+00   23.805000
 -6.800 -0.30737274E+10  0.94478000E+19  0.00000000E+00   23.120000
 -6.700 -0.15762921E+10  0.24846967E+19  0.00000000E+00   22.445000
 -6.600 -0.81660504E+09  0.66684380E+18  0.00000000E+00   21.780000
 -6.500 -0.42735871E+09  0.18263547E+18  0.00000000E+00   21.125000
 -6.400 -0.22593286E+09  0.51045655E+17  0.00000000E+00   20.480000
 -6.300 -0.12066293E+09  0.14559543E+17  0.00000000E+00   19.845000
 -6.200 -0.65099468E+08  0.42379408E+16  0.00000000E+00   19.220000
 -6.100 -0.35480656E+08  0.12588770E+16  0.00000000E+00   18.605000
 -6.000 -0.19535214E+08  0.38162458E+15  0.00000000E+00   18.000000
 -5.900 -0.10865728E+08  0.11806405E+15  0.00000000E+00   17.405000
 -5.800 -0.61054211E+07  0.37276167E+14  0.00000000E+00   16.820000
 -5.700 -0.34656975E+07  0.12011059E+14  0.00000000E+00   16.245000
 -5.600 -0.19874042E+07  0.39497754E+13  0.00000000E+00   15.680000
 -5.500 -0.11513430E+07  0.13255908E+13  0.00000000E+00   15.125000
 -5.400 -0.67382783E+06  0.45404394E+12  0.00000000E+00   14.580000
 -5.300 -0.39840213E+06  0.15872426E+12  0.00000000E+00   14.045000
 -5.200 -0.23797206E+06  0.56630701E+11  0.00000000E+00   13.520000
 -5.100 -0.14360356E+06  0.20621983E+11  0.00000000E+00   13.005000
 -5.000 -0.87547341E+05  0.76645370E+10  0.00000000E+00   12.500000
 -4.900 -0.53921640E+05  0.29075433E+10  0.00000000E+00   12.005000
 -4.800 -0.33552879E+05  0.11257957E+10  0.00000000E+00   11.520000
 -4.700 -0.21093447E+05  0.44493351E+09  0.00000000E+00   11.045000
 -4.600 -0.13397424E+05  0.17949098E+09  0.00000000E+00   10.580000
 -4.500 -0.85971866E+04  0.73911617E+08  0.00000000E+00   10.125000
 -4.400 -0.55738908E+04  0.31068259E+08  0.00000000E+00    9.680000
 -4.300 -0.36511856E+04  0.13331156E+08  0.00000000E+00    9.245000
 -4.200 -0.24165155E+04  0.58395472E+07  0.00000000E+00    8.820000
 -4.100 -0.16159689E+04  0.26113555E+07  0.00000000E+00    8.405000
 -4.000 -0.10918737E+04  0.11921881E+07  0.00000000E+00    8.000000
 -3.900 -0.74544721E+03  0.55569154E+06  0.00000000E+00    7.605000
 -3.800 -0.51425266E+03  0.26445579E+06  0.00000000E+00    7.220000
 -3.700 -0.35847802E+03  0.12850649E+06  0.00000000E+00    6.845000
 -3.600 -0.25251508E+03  0.63763868E+05  0.00000000E+00    6.480000
 -3.500 -0.17974835E+03  0.32309469E+05  0.00000000E+00    6.125000
 -3.400 -0.12930371E+03  0.16719450E+05  0.00000000E+00    5.780000
 -3.300 -0.94003342E+02  0.88366284E+04  0.00000000E+00    5.445000
 -3.200 -0.69068790E+02  0.47704977E+04  0.00000000E+00    5.120000
 -3.100 -0.51291951E+02  0.26308642E+04  0.00000000E+00    4.805000
 -3.000 -0.38500886E+02  0.14823182E+04  0.00000000E+00    4.500000
 -2.900 -0.29212884E+02  0.85339259E+03  0.00000000E+00    4.205000
 -2.800 -0.22407370E+02  0.50209022E+03  0.00000000E+00    3.920000
 -2.700 -0.17376097E+02  0.30192875E+03  0.00000000E+00    3.645000
 -2.600 -0.13623563E+02  0.18560148E+03  0.00000000E+00    3.380000
 -2.500 -0.10800302E+02  0.11664652E+03  0.00000000E+00    3.125000
 -2.400 -0.86578596E+01  0.74958533E+02  0.00000000E+00    2.880000
 -2.300 -0.70181848E+01  0.49254918E+02  0.00000000E+00    2.645000
 -2.200 -0.57526551E+01  0.33093040E+02  0.00000000E+00    2.420000
 -2.100 -0.47676085E+01  0.22730091E+02  0.00000000E+00    2.205000
 -2.000 -0.39942883E+01  0.15954339E+02  0.00000000E+00    2.000000
 -1.900 -0.33818056E+01  0.11436609E+02  0.00000000E+00    1.805000
 -1.800 -0.28921820E+01  0.83647168E+01  0.00000000E+00    1.620000
 -1.700 -0.24968342E+01  0.62341809E+01  0.00000000E+00    1.445000
 -1.600 -0.21740653E+01  0.47265600E+01  0.00000000E+00    1.280000
 -1.500 -0.19072658E+01  0.36376630E+01  0.00000000E+00    1.125000
 -1.400 -0.16836155E+01  0.28345613E+01  0.00000000E+00    0.980000
 -1.300 -0.14931432E+01  0.22294767E+01  0.00000000E+00    0.845000
 -1.200 -0.13280429E+01  0.17636980E+01  0.00000000E+00    0.720000
 -1.100 -0.11821740E+01  0.13975354E+01  0.00000000E+00    0.605000
 -1.000 -0.10506946E+01  0.11039591E+01  0.00000000E+00    0.500000
 -0.900 -0.92979056E+00  0.86451048E+00  0.00000000E+00    0.405000
 -0.800 -0.81647366E+00  0.66662923E+00  0.00000000E+00    0.320000
 -0.700 -0.70842817E+00  0.50187047E+00  0.00000000E+00    0.245000
 -0.600 -0.60389205E+00  0.36468561E+00  0.00000000E+00    0.180000
 -0.500 -0.50156138E+00  0.25156381E+00  0.00000000E+00    0.125000
 -0.400 -0.40051019E+00  0.16040841E+00  0.00000000E+00    0.080000
 -0.300 -0.30012002E+00  0.90072023E-01  0.00000000E+00    0.045000
 -0.200 -0.20001500E+00  0.40006000E-01  0.00000000E+00    0.020000
  0.000  0.00000000E+00  0.00000000E+00  0.10000000E+02    0.000000
  0.100  0.10000000E+00  0.10000000E-01  0.00000000E+00    0.005000
  0.200  0.20001500E+00  0.40006000E-01  0.00000000E+00    0.020000
  0.300  0.30012002E+00  0.90072023E-01  0.00000000E+00    0.045000
  0.400  0.40051019E+00  0.16040841E+00  0.00000000E+00    0.080000
  0.500  0.50156138E+00  0.25156381E+00  0.00000000E+00    0.125000
  0.600  0.60389205E+00  0.36468561E+00  0.00000000E+00    0.180000
  0.700  0.70842817E+00  0.50187047E+00  0.00000000E+00    0.245000
  0.800  0.81647366E+00  0.66662923E+00  0.00000000E+00    0.320000
  0.900  0.92979056E+00  0.86451048E+00  0.00000000E+00    0.405000
  1.000  0.10506946E+01  0.11039591E+01  0.00000000E+00    0.500000
  1.100  0.11821740E+01  0.13975354E+01  0.00000000E+00    0.605000
  1.200  0.13280429E+01  0.17636980E+01  0.00000000E+00    0.720000
  1.300  0.14931432E+01  0.22294767E+01  0.00000000E+00    0.845000
  1.400  0.16836155E+01  0.28345613E+01  0.00000000E+00    0.980000
  1.500  0.19072658E+01  0.36376630E+01  0.00000000E+00    1.125000
  1.600  0.21740653E+01  0.47265600E+01  0.00000000E+00    1.280000
  1.700  0.24968342E+01  0.62341809E+01  0.00000000E+00    1.445000
  1.800  0.28921820E+01  0.83647168E+01  0.00000000E+00    1.620000
  1.900  0.33818056E+01  0.11436609E+02  0.00000000E+00    1.805000
  2.000  0.39942883E+01  0.15954339E+02  0.00000000E+00    2.000000
  2.100  0.47676085E+01  0.22730091E+02  0.00000000E+00    2.205000
  2.200  0.57526551E+01  0.33093040E+02  0.00000000E+00    2.420000
  2.300  0.70181848E+01  0.49254918E+02  0.00000000E+00    2.645000
  2.400  0.86578596E+01  0.74958533E+02  0.00000000E+00    2.880000
  2.500  0.10800302E+02  0.11664652E+03  0.00000000E+00    3.125000
  2.600  0.13623563E+02  0.18560148E+03  0.00000000E+00    3.380000
  2.700  0.17376097E+02  0.30192875E+03  0.00000000E+00    3.645000
  2.800  0.22407370E+02  0.50209022E+03  0.00000000E+00    3.920000
  2.900  0.29212884E+02  0.85339259E+03  0.00000000E+00    4.205000
  3.000  0.38500886E+02  0.14823182E+04  0.00000000E+00    4.500000
  3.100  0.51291951E+02  0.26308642E+04  0.00000000E+00    4.805000
  3.200  0.69068790E+02  0.47704977E+04  0.00000000E+00    5.120000
  3.300  0.94003342E+02  0.88366284E+04  0.00000000E+00    5.445000
  3.400  0.12930371E+03  0.16719450E+05  0.00000000E+00    5.780000
  3.500  0.17974835E+03  0.32309469E+05  0.00000000E+00    6.125000
  3.600  0.25251508E+03  0.63763868E+05  0.00000000E+00    6.480000
  3.700  0.35847802E+03  0.12850649E+06  0.00000000E+00    6.845000
  3.800  0.51425266E+03  0.26445579E+06  0.00000000E+00    7.220000
  3.900  0.74544721E+03  0.55569154E+06  0.00000000E+00    7.605000
  4.000  0.10918737E+04  0.11921881E+07  0.00000000E+00    8.000000
  4.100  0.16159689E+04  0.26113555E+07  0.00000000E+00    8.405000
  4.200  0.24165155E+04  0.58395472E+07  0.00000000E+00    8.820000
  4.300  0.36511856E+04  0.13331156E+08  0.00000000E+00    9.245000
  4.400  0.55738908E+04  0.31068259E+08  0.00000000E+00    9.680000
  4.500  0.85971866E+04  0.73911617E+08  0.00000000E+00   10.125000
  4.600  0.13397424E+05  0.17949098E+09  0.00000000E+00   10.580000
  4.700  0.21093447E+05  0.44493351E+09  0.00000000E+00   11.045000
  4.800  0.33552879E+05  0.11257957E+10  0.00000000E+00   11.520000
  4.900  0.53921640E+05  0.29075433E+10  0.00000000E+00   12.005000
  5.000  0.87547341E+05  0.76645370E+10  0.00000000E+00   12.500000
  5.100  0.14360356E+06  0.20621983E+11  0.00000000E+00   13.005000
  5.200  0.23797206E+06  0.56630701E+11  0.00000000E+00   13.520000
  5.300  0.39840213E+06  0.15872426E+12  0.00000000E+00   14.045000
  5.400  0.67382783E+06  0.45404394E+12  0.00000000E+00   14.580000
  5.500  0.11513430E+07  0.13255908E+13  0.00000000E+00   15.125000
  5.600  0.19874042E+07  0.39497754E+13  0.00000000E+00   15.680000
  5.700  0.34656975E+07  0.12011059E+14  0.00000000E+00   16.245000
  5.800  0.61054211E+07  0.37276167E+14  0.00000000E+00   16.820000
  5.900  0.10865728E+08  0.11806405E+15  0.00000000E+00   17.405000
  6.000  0.19535214E+08  0.38162458E+15  0.00000000E+00   18.000000
  6.100  0.35480656E+08  0.12588770E+16  0.00000000E+00   18.605000
  6.200  0.65099468E+08  0.42379408E+16  0.00000000E+00   19.220000
  6.300  0.12066293E+09  0.14559543E+17  0.00000000E+00   19.845000
  6.400  0.22593286E+09  0.51045655E+17  0.00000000E+00   20.480000
  6.500  0.42735871E+09  0.18263547E+18  0.00000000E+00   21.125000
  6.600  0.81660504E+09  0.66684380E+18  0.00000000E+00   21.780000
  6.700  0.15762921E+10  0.24846967E+19  0.00000000E+00   22.445000
  6.800  0.30737274E+10  0.94478000E+19  0.00000000E+00   23.120000
  6.900  0.60547614E+10  0.36660136E+20  0.00000000E+00   23.805000
  7.000  0.12048441E+11  0.14516493E+21  0.00000000E+00   24.500000
  7.100  0.24219546E+11  0.58658642E+21  0.00000000E+00   25.205000
  7.200  0.49181498E+11  0.24188197E+22  0.00000000E+00   25.920000
  7.300  0.10088753E+12  0.10178293E+23  0.00000000E+00   26.645000
  7.400  0.20906081E+12  0.43706421E+23  0.00000000E+00   27.380000
  7.500  0.43762964E+12  0.19151970E+24  0.00000000E+00   28.125000
  7.600  0.92542110E+12  0.85640421E+24  0.00000000E+00   28.880000
  7.700  0.19768346E+13  0.39078750E+25  0.00000000E+00   29.645000
  7.800  0.42657881E+13  0.18196948E+26  0.00000000E+00   30.420000
  7.900  0.92987826E+13  0.86467357E+26  0.00000000E+00   31.205000
  8.000  0.20476262E+14  0.41927729E+27  0.00000000E+00   32.000000
  8.100  0.45548386E+14  0.20746554E+28  0.00000000E+00   32.805000
  8.200  0.10235124E+15  0.10475776E+29  0.00000000E+00   33.620000
  8.300  0.23233312E+15  0.53978676E+29  0.00000000E+00   34.445000
  8.400  0.53275461E+15  0.28382748E+30  0.00000000E+00   35.280000
  8.500  0.12340753E+16  0.15229418E+31  0.00000000E+00   36.125000
  8.600  0.28877178E+16  0.83389141E+31  0.00000000E+00   36.980000
  8.700  0.68260092E+16  0.46594401E+32  0.00000000E+00   37.845000
  8.800  0.16299657E+17  0.26567881E+33  0.00000000E+00   38.720000
  8.900  0.39317874E+17  0.15458952E+34  0.00000000E+00   39.605000
  9.000  0.95808081E+17  0.91791884E+34  0.00000000E+00   40.500000
  9.100  0.23583890E+18  0.55619987E+35  0.00000000E+00   41.405000
  9.200  0.58644950E+18  0.34392301E+36  0.00000000E+00   42.320000
  9.300  0.14731550E+19  0.21701855E+37  0.00000000E+00   43.245000
  9.400  0.37382618E+19  0.13974601E+38  0.00000000E+00   44.180000
  9.500  0.95828642E+19  0.91831287E+38  0.00000000E+00   45.125000
  9.600  0.24815684E+20  0.61581819E+39  0.00000000E+00   46.080000
  9.700  0.64917754E+20  0.42143148E+40  0.00000000E+00   47.045000
  9.800  0.17155687E+21  0.29431758E+41  0.00000000E+00   48.020000
  9.900  0.45799553E+21  0.20975991E+42  0.00000000E+00   49.005000
 10.000  0.12351625E+22  0.15256265E+43  0.00000000E+00   50.000000


